2413 2424 2440 2442 2449 2450 2451 2457 2469 2470 2471 2476 2489 2491 2504 2513 2516 2520 2527 
1206 3729 3739 3741 3742 
267 270 271 272 273 286 288 291 292 601 602 603 604 605 606 617 618 677 680 1716 1987 2602 2713 
0 8 11 14 16 22 23 
312 1258 1266 
412 413 414 954 955 956 957 958 959 960 961 1191 1192 1193 1194 1195 1196 1197 1198 1199 1200 1201 
2945 4399 4400 4623 4624 
461 2697 2698 2699 2873 
301 302 1124 3035 3036 3037 3038 3039 3040 3041 3042 
3612 3924 3925 4960 4961 
196 2722 2723 
128 129 130 2283 2284 2291 2292 
42 55 56 494 
403 642 646 
601 602 603 604 605 606 617 618 677 680 1716 2602 2713 
359 364 367 368 
462 463 464 465 467 468 469 470 471 472 473 474 475 476 477 478 479 2684 
3227 3228 3229 4538 4539 4540 
1330 1331 1332 1333 1941 1947 
582 583 584 863 864 865 866 867 868 1179 1180 1181 1182 1183 1184 2826 3082 3670 4586 
1578 1579 2321 4593 4921 4922 4923 4924 
663 664 665 667 2009 2340 3119 3120 3723 
1477 1988 1989 1990 2703 
58 81 82 83 
103 104 105 1056 1057 1492 1493 2226 2227 2228 2229 2230 2995 
4258 4263 4264 4265 4267 
1212 1213 1214 1215 1216 1217 1218 4108 4109 4112 4113 4114 4115 4119 
116 117 120 124 
1680 1681 1682 1683 1684 1685 1686 
2298 2299 2300 2301 2302 2303 2304 
560 561 563 565 1397 1398 
589 4429 4956 4957 
1064 1065 2867 4035 4036 4037 4038 4837 
611 612 613 614 1178 1282 1434 2797 2798 
1565 1566 1567 2575 3437 3438 4304 4305 4306 
1535 1536 1537 1538 
234 239 240 241 
1374 1375 1376 1377 1378 1379 1380 1382 2977 
423 2096 2097 2099 
500 501 502 505 506 507 509 727 3189 3440 
743 1008 1009 1012 1014 1015 1016 1017 
188 189 190 
3808 3983 3985 
2351 3810 3813 
177 180 182 
260 261 2961 2962 2963 2964 
313 314 2912 2913 2914 2915 
445 446 1406 1407 1408 1409 
668 669 670 671 672 673 
952 953 2379 2380 2381 2382 
1076 1077 1078 1079 1080 1081 
1893 1894 1895 1896 1897 1898 
2179 2180 3179 3180 3181 3182 
2409 2410 3995 4543 4544 4545 
2806 2807 2846 4040 4210 4211 
3794 3795 3796 3797 3798 3799 
4061 4062 4063 4064 4065 4066 
4204 4205 4206 4207 4208 4209 
1003 1046 1521 1522 
1284 1285 1286 1287 4155 4156 
303 304 305 641 1465 
1651 1904 1906 1907 1909 1910 1912 
353 354 355 356 357 358 1860 
1583 1584 1585 1586 1587 1588 4314 
2918 2919 2920 2921 2922 2923 4615 4616 
3802 3803 3804 3977 3978 3979 3980 4337 4338 
3339 3340 3788 3789 3790 3791 4089 4090 4091 4276 
267 270 271 272 273 288 294 1058 1061 1062 1622 1987 2349 
4963 4964 4965 
108 109 110 111 322 323 
219 221 225 
844 845 846 847 848 2260 
749 750 751 
894 895 896 
339 340 341 342 343 
380 381 3260 3261 3262 
988 989 990 991 992 
1043 1044 2271 2272 2273 
1223 1224 1618 2376 4132 
2070 2071 2072 2073 2074 
2106 2107 2112 2113 2114 
2293 2294 2295 2296 2297 
2394 2395 2396 2397 2398 
2632 2633 3487 3749 3750 
2812 2813 2814 2815 2816 
3355 3356 3357 3358 3359 
3538 3539 4086 4087 4088 
4074 4075 4247 4717 4718 
656 1691 3751 3752 
1760 1761 1763 1765 
520 521 522 3608 3689 
2274 2275 2276 2675 
3347 3348 3349 3350 
163 746 875 1442 
932 933 934 935 936 
66 67 68 69 70 3301 
635 636 3710 3711 3712 4743 
1403 1404 2007 2008 2222 2223 
1478 1479 2012 2013 3107 3108 
2362 2363 2364 2365 2366 3786 
1365 1366 3294 3295 3296 3297 4187 
378 379 432 433 434 3369 3370 
1645 1646 1647 2187 2188 2190 2191 2192 2193 
197 198 1714 1715 2790 2791 4348 
592 593 594 3291 3292 3293 3684 
1391 1392 1393 1394 1395 4197 4873 
3391 3392 3393 4031 4102 4103 4104 
1665 1666 4322 4323 4349 4350 4351 
3996 3997 3998 3999 4002 4004 4005 4006 
2407 2408 3199 3678 3679 3680 3681 3682 3930 
1842 1843 1844 1845 2948 2949 2950 2951 2952 4390 4628 
495 496 497 498 499 3444 3445 3446 3447 3575 
3913 4182 4183 4185 
942 943 944 3862 
2237 2238 2239 3676 
1605 1607 1608 1609 
1928 2261 2262 2263 
1373 4775 4777 4778 4779 
228 229 230 
4993 4994 4995 4996 4997 4999 
618 1113 1143 1145 1146 1147 1148 
109 322 323 631 632 3713 3714 3715 
76 199 200 201 203 204 205 806 
1227 1228 1230 1233 1234 
915 916 917 919 920 921 922 923 924 925 1104 
3663 3836 3869 
2663 2664 2697 2698 2699 2871 2872 2873 2874 3590 3591 3592 3593 
57 58 59 60 61 447 448 449 1865 3394 3395 3396 3397 
2587 2588 2590 3989 3990 4513 4514 4639 
3660 3662 3663 
386 387 388 
1296 1297 1298 
1751 1752 1755 
1835 1836 1839 
1886 1888 1890 
2530 2531 2533 
3566 3567 3568 
3758 3759 3760 
4299 4300 4301 
94 1976 1977 
452 453 454 
1288 1289 1290 
3400 3401 3402 
1420 1421 1422 1937 2833 2834 2835 
3780 3782 3783 
334 335 338 
1439 1528 3774 3902 3903 4232 
84 85 86 87 
150 151 152 153 
251 252 253 254 
347 348 349 350 
372 373 374 375 
376 377 694 695 
426 427 428 429 
455 456 3418 3419 
457 458 1823 1824 
653 654 876 877 
690 691 692 693 
732 733 1291 1292 
747 748 3800 3801 
799 800 801 802 
892 893 1140 3192 
948 949 1131 1132 
966 967 968 969 
978 979 980 981 
993 994 995 996 
1361 1362 1363 1364 
1384 1385 2810 2811 
1412 1413 1414 1415 
1472 1473 1474 1475 
1540 1541 1861 1862 
1633 1634 2545 2546 
1833 1834 3837 3838 
1875 1876 3516 3517 
2050 2051 3235 3236 
2138 2139 3673 3674 
2150 2151 4082 4083 
2368 2369 2370 2371 
2388 2389 3200 3201 
2584 2585 4022 4023 
2622 2623 3655 3656 
2624 2625 2999 4011 
2630 2631 4194 4195 
2671 2672 4202 4203 
2849 2850 3217 3218 
2898 2899 3973 4603 
3000 3001 3282 3775 
3005 3006 4509 4510 
3769 3770 4750 4751 
3859 3860 4481 4482 
3971 3972 4796 4797 
4070 4071 4072 4073 
4145 4146 4159 4450 
4607 4608 4609 4610 
4618 4619 4620 4931 
4704 4705 4706 4707 
4972 4973 4974 4975 
1879 2168 2169 2170 
1142 1533 1981 1982 3267 
315 316 317 1074 
983 1699 1700 1701 
57 58 60 61 80 81 82 83 207 1185 1186 1187 2808 
2355 2356 2357 2358 2360 
1238 1239 1240 1742 1743 1744 
210 211 2822 2823 3211 
788 789 790 3138 3139 
834 835 836 837 3669 
1051 1052 1053 4018 4019 
1248 1249 1250 1251 2387 
430 431 1544 1545 1594 
1657 1658 1659 1660 4333 
1589 1590 1872 2967 4396 
2181 2182 2183 4366 4367 
2336 2337 2338 2339 4519 
2690 2691 2692 4810 4811 
3089 3090 3091 4446 4447 
4055 4056 4057 4060 4506 
723 2135 2137 2996 2997 
2560 2561 4560 4562 4653 
1854 1855 1856 1857 3709 3974 
2083 2084 2085 2086 2087 2088 
3059 3060 3061 
2218 2219 2220 2221 4332 4427 
816 817 818 3598 3599 3600 
2562 2563 2564 4563 4746 4747 
324 325 1671 1672 1673 2367 
255 257 2308 2613 2614 
71 72 73 74 637 775 
766 767 768 1163 1164 1166 4079 
2735 2736 2737 3144 3145 4130 4377 
2841 2958 2959 2960 
2755 2756 2757 2758 2759 2760 
822 823 824 826 
415 416 418 764 
134 135 137 138 2327 2328 2329 
1207 1208 1209 1211 
3212 3213 3214 3216 
827 829 830 831 
1159 1160 1161 1162 
1638 1639 1640 1641 
2036 2037 2038 2039 
3067 4578 4579 4580 
3550 3551 3552 3553 
1787 1788 1790 1791 1792 2333 2334 
1344 1693 1694 1695 
1241 1242 1243 
2140 2141 2142 
207 1185 1186 1187 2808 
128 129 130 131 234 235 236 242 2283 2284 2285 2286 2287 2288 2289 2290 2291 2292 2647 2648 2649 2650 3002 3003 3004 
715 716 717 718 719 720 721 
3148 3149 3150 3151 3152 3153 3154 
51 52 53 54 
1283 3124 3125 4657 
62 1278 1279 1280 
638 639 640 3165 3166 3167 
844 845 847 1595 1596 1597 1598 4315 
601 602 603 604 605 606 617 618 677 680 1113 1143 1146 1147 1148 1716 2602 2713 
167 168 169 
264 265 266 
394 395 396 
514 515 516 
803 804 805 
1117 1118 1119 
1301 1302 1303 
1924 1925 1926 
1938 1939 1940 
2001 2002 2004 
2200 2201 2202 
2598 2599 2601 
2924 2925 2926 
2953 2954 2955 
3298 3299 3300 
3343 3344 3346 
3384 3385 3386 
3406 3407 3409 
3957 3958 3959 
4486 4487 4488 
308 3050 3051 
905 907 908 
1800 3882 3883 
2646 4051 4052 
3027 3029 3030 
3378 3485 3486 
1120 1121 1123 1560 
267 270 271 272 273 288 1622 1987 
1420 1421 1422 1937 2833 4221 
2306 3321 3322 
47 48 902 
91 92 1963 
132 133 2307 
231 232 233 
262 263 2940 
329 330 2656 
397 398 399 
419 420 421 
439 440 441 
442 443 444 
484 485 486 
510 511 3439 
536 537 538 
539 540 541 
547 548 1459 
549 550 551 
554 555 573 
566 567 3666 
570 571 572 
578 579 726 
585 586 587 
597 598 3688 
621 622 623 
633 634 2934 
650 651 652 
772 773 774 
785 786 787 
793 794 795 
814 815 3853 
819 820 821 
913 914 3284 
970 971 3277 
984 985 4230 
1000 1001 2158 
1004 1005 1006 
1024 1025 1026 
1031 1032 4014 
1038 1039 1040 
1091 1092 4047 
1095 1096 1237 
1188 1189 1190 
1271 1272 1273 
1276 1277 4141 
1293 1294 1295 
1307 1308 4168 
1322 1323 1324 
1327 1328 1329 
1337 1338 2745 
1358 1359 1360 
1386 1387 4196 
1432 1433 2712 
1435 1436 1437 
1440 1441 4231 
1443 1444 1445 
1450 1451 1452 
1463 1464 3234 
1509 1510 4317 
1515 1516 1517 
1531 1532 2809 
1575 1576 1577 
1580 1581 1582 
1591 1592 1593 
1624 1625 1626 
1627 1628 1629 
1635 1636 1637 
1643 1644 3476 
1661 1662 4334 
1678 1679 4339 
1704 1705 1706 
1747 1748 4356 
1756 1757 3079 
1769 1770 1795 
1819 1820 2236 
1846 1847 1848 
1870 1871 3683 
1913 1914 4414 
1915 1916 4419 
1934 1935 1936 
1969 1970 2941 
2005 2006 4025 
2043 2044 2045 
2061 2062 2738 
2063 2064 2065 
2089 2090 3700 
2100 2101 2102 
2117 2118 2119 
2133 2134 4476 
2162 2163 4483 
2194 2195 4490 
2198 2199 3185 
2211 2212 4497 
2255 2256 2257 
2279 2280 2860 
2322 2323 2324 
2330 2331 2332 
2345 2346 4524 
2352 2353 2354 
2535 2536 2537 
2549 2550 4555 
2567 2568 2569 
2570 2571 4566 
2609 2610 4571 
2616 2617 2618 
2669 2670 4401 
2677 2678 4039 
2679 2680 2681 
2687 2688 2689 
2693 2694 3403 
2709 2710 2711 
2731 2732 2733 
2761 2762 3302 
2765 2766 3851 
2778 2779 2780 
2784 2785 2786 
2787 2788 4592 
2792 2793 2794 
2819 2820 2821 
2836 2837 4594 
2853 2854 2855 
2893 2894 2895 
2904 2905 2906 
2907 2908 2909 
3025 3026 4633 
3047 3048 3049 
3052 3053 3054 
3074 3075 4355 
3076 3077 3078 
3080 3081 4645 
3083 3084 3085 
3096 3097 3098 
3111 3112 4651 
3127 3128 4656 
3135 3136 3137 
3173 3174 3503 
3204 3205 3206 
3221 3222 4664 
3246 3247 4673 
3364 3365 3366 
3372 3373 3374 
3387 3388 3389 
3412 3413 3414 
3415 3416 3417 
3452 3453 3454 
3465 3466 3467 
3506 3507 4418 
3519 3520 3521 
3533 3534 4386 
3613 3614 4354 
3621 3622 4389 
3657 3658 3659 
3814 3815 4424 
3822 3823 4583 
3828 3829 3830 
3833 3834 4772 
3839 3840 3841 
3889 3890 3891 
3909 3910 3911 
3918 3919 4807 
3935 3936 3937 
3944 3945 3946 
3966 3967 3969 
4015 4016 4017 
4048 4049 4659 
4093 4094 4095 
4105 4106 4107 
4136 4137 4848 
4151 4152 4851 
4198 4199 4200 
4214 4215 4378 
4216 4217 4218 
4224 4225 4226 
4227 4228 4229 
4309 4310 4311 
4324 4325 4326 
4397 4398 4595 
4410 4411 4617 
4443 4444 4518 
4457 4458 4459 
4466 4467 4468 
4477 4478 4874 
4493 4494 4898 
4499 4500 4901 
4515 4516 4517 
4534 4535 4709 
4551 4552 4553 
4572 4573 4574 
4604 4605 4606 
4613 4614 4930 
4736 4737 4738 
4756 4757 4758 
4793 4794 4795 
4798 4799 4800 
4829 4830 4831 
4854 4855 4856 
4904 4905 4976 
4907 4908 4977 
29 77 78 79 
459 460 461 945 946 947 1084 2698 3420 3421 3932 
760 762 763 3493 3494 3495 
4822 4966 4967 4968 4969 
245 246 247 248 249 250 2910 
33 34 35 36 
878 879 880 1512 
1523 1524 1525 1526 
2658 3426 3427 3428 
145 147 148 149 
170 171 173 174 
2314 2315 2316 2317 
3572 3573 3574 3641 
63 64 887 888 
3263 3264 3265 3266 4763 
1773 1774 1775 1776 1777 
487 488 489 490 491 
1796 1797 1798 3589 4024 
2593 2594 2595 2596 2597 
2879 2880 2881 2882 2883 
2781 2782 2783 3880 3881 
3422 3423 3424 3425 4160 
1314 1315 1316 1317 1318 1319 2767 2768 
83 406 408 409 1352 1353 1354 1355 3316 4030 4835 
1903 1950 1951 1954 1955 
3582 3583 3584 4368 4369 4370 
83 1352 1355 1614 4140 4181 
108 110 111 
88 89 90 
4041 4042 4043 4044 4045 4046 4558 4559 
2068 2069 4268 4269 
95 96 97 2026 
326 327 328 3171 
369 370 371 4050 
525 526 527 2621 
629 630 2551 2552 
674 675 676 3761 
734 735 736 2572 
939 940 941 3931 
1154 1155 1156 4069 
1369 1370 1371 2335 
1803 1804 1805 3867 
2031 2032 2033 3270 
2311 2312 2313 3518 
2626 2627 4577 4916 
3044 3045 3046 4636 
3086 3087 3088 4385 
3092 3093 4650 4710 
3488 3489 3490 4449 
3961 3962 3963 4163 
4032 4033 4034 4836 
3019 3020 3021 3022 3023 3024 
2588 3964 3965 3989 3990 4639 
1619 1620 1621 
4175 4176 4177 4343 
2587 2588 2590 3989 4513 4514 
406 407 408 409 3316 
3660 3662 3663 3825 3836 3869 
212 213 214 215 216 
1991 1992 1993 1994 4448 
2019 2020 2021 2022 2023 
3161 3162 3163 3164 3844 
4371 4372 4373 4815 4816 
1170 1171 1172 1401 1402 
1720 1721 1722 4352 4353 
1998 1999 2000 3068 4678 
4501 4502 4503 4882 4883 
530 531 532 533 534 535 849 
4886 4887 4888 4889 4890 4891 4892 
3562 3563 3564 4415 
574 575 576 577 
3303 3304 3305 3306 
3510 3511 3512 3513 
391 392 393 3283 
435 436 437 438 
962 963 964 965 
1815 1816 1817 1818 
1866 1867 1868 1869 
1973 1974 1975 3254 
2046 2047 2048 2049 
2080 2081 2082 4465 
2751 2752 2753 2754 
2875 2876 2877 2878 
2980 2981 2982 2983 
3479 3480 3481 3482 
3576 3577 3578 3579 
3906 3907 3908 4201 
2884 2885 2886 2887 2888 2889 2890 
267 283 296 2989 
459 460 461 945 946 947 1084 1085 2698 3420 3421 3932 
588 589 4428 4429 4430 4953 4954 4955 4956 4957 
708 709 710 711 712 
838 839 840 841 852 
0 9 13 
0 3 19 25 
304 641 1465 4244 4245 4246 4251 4857 
3155 3156 3157 3158 3159 3160 
760 761 762 763 1383 1396 
3227 3228 3229 4536 4537 4538 4539 4540 4909 
0 7 10 15 
98 99 100 
125 126 127 
139 140 141 142 
331 332 333 
481 482 483 
557 558 559 
626 627 628 
684 685 686 687 
737 738 739 
757 758 759 
769 770 771 
796 797 798 
889 890 891 
1035 1036 1037 
1071 1072 1073 
1107 1108 1109 
1125 1126 1127 
1128 1129 1130 
1133 1134 1135 1136 
1137 1138 1139 
1149 1150 1151 
1304 1305 1306 
1334 1335 1336 
1454 1455 1456 
1460 1461 1462 
1500 1501 1502 
1518 1519 1520 
1570 1571 1572 
1601 1602 1603 
1630 1631 1632 
1696 1697 1698 
1711 1712 1713 
1780 1781 1782 1783 
1810 1811 1812 
1828 1829 1830 
1849 1850 1851 
1929 1930 1931 
1956 1957 1958 
1964 1965 1966 
1995 1996 1997 
2014 2015 2016 
2054 2055 2056 
2103 2104 2105 
2108 2109 2110 2111 
2145 2146 2147 
2176 2177 2178 
2184 2185 2186 
2213 2214 2215 
2383 2384 2385 
2553 2554 2555 
2642 2643 2644 
2741 2742 2743 2744 
2748 2749 2750 
2769 2770 2771 
2799 2800 2801 
2803 2804 2805 
2970 2971 2972 
3069 3070 3071 
3116 3117 3118 
3121 3122 3123 
3326 3327 3328 
3449 3450 3451 
3498 3499 3500 
3535 3536 3537 
3555 3556 3557 
3569 3570 3571 
3630 3631 3632 
3647 3648 3649 
3697 3698 3699 
3886 3887 3888 
3920 3921 3922 3923 
3951 3952 3953 
3954 3955 3956 
4240 4241 4242 4243 
4255 4256 4257 
4340 4341 4342 
4357 4358 4359 
4433 4434 4435 4436 
4780 4781 4782 
4787 4788 4789 
4812 4813 4814 
4817 4818 4819 
37 38 
39 40 
43 44 
45 46 
49 50 
101 102 
106 107 
112 113 
114 115 
143 144 
165 166 
175 176 
184 185 
186 187 
208 209 
226 227 
243 244 
297 298 
299 300 
309 310 
318 319 
320 321 
344 345 
351 352 
382 383 
384 385 
389 390 
400 401 
404 405 
410 411 
424 425 
450 451 
492 493 
512 513 
518 519 
523 524 
528 529 
552 553 
568 569 
580 581 
590 591 
595 596 
599 600 
607 608 
609 610 
615 616 
624 625 
657 658 
659 660 
661 662 
682 683 
688 689 
696 697 
698 699 
700 701 
702 703 
704 705 
706 707 
713 714 
724 725 
730 731 
740 741 
755 756 
776 777 
778 779 
780 781 
782 783 
791 792 
807 808 
832 833 
842 843 
850 851 
853 854 
855 856 
869 870 
871 872 
873 874 
881 882 
883 884 
885 886 
900 901 
903 904 
909 910 
911 912 
928 929 
930 931 
950 951 
972 973 
974 975 
976 977 
986 987 
997 998 
1018 1019 
1020 1021 
1022 1023 
1027 1028 
1029 1030 
1033 1034 
1041 1042 
1047 1048 
1049 1050 
1054 1055 
1067 1068 
1069 1070 
1082 1083 
1086 1087 
1093 1094 
1100 1101 
1102 1103 
1105 1106 
1152 1153 
1157 1158 
1167 1168 
1173 1174 
1175 1176 
1202 1203 
1219 1220 
1225 1226 
1235 1236 
1246 1247 
1252 1253 
1254 1255 
1267 1268 
1269 1270 
1274 1275 
1309 1310 
1311 1312 
1320 1321 
1325 1326 
1339 1340 
1346 1347 
1348 1349 
1350 1351 
1356 1357 
1367 1368 
1399 1400 
1410 1411 
1416 1417 
1423 1424 
1425 1426 
1428 1429 
1430 1431 
1446 1447 
1448 1449 
1457 1458 
1468 1469 
1482 1483 
1484 1485 
1486 1487 
1488 1489 
1490 1491 
1494 1495 
1496 1497 
1498 1499 
1503 1504 
1505 1506 
1507 1508 
1513 1514 
1547 1548 
1549 1550 
1551 1552 
1553 1554 
1557 1558 
1561 1562 
1563 1564 
1568 1569 
1573 1574 
1599 1600 
1611 1612 
1648 1649 
1653 1654 
1663 1664 
1667 1668 
1669 1670 
1674 1675 
1676 1677 
1687 1688 
1689 1690 
1702 1703 
1707 1708 
1709 1710 
1717 1718 
1723 1724 
1732 1733 
1734 1735 
1736 1737 
1738 1739 
1740 1741 
1749 1750 
1758 1759 
1767 1768 
1771 1772 
1778 1779 
1785 1786 
1793 1794 
1801 1802 
1806 1807 
1808 1809 
1813 1814 
1821 1822 
1826 1827 
1831 1832 
1840 1841 
1852 1853 
1858 1859 
1863 1864 
1873 1874 
1880 1881 
1882 1883 
1884 1885 
1899 1900 
1901 1902 
1919 1920 
1932 1933 
1948 1949 
1959 1960 
1961 1962 
1967 1968 
1971 1972 
1979 1980 
1984 1985 
2010 2011 
2017 2018 
2024 2025 
2027 2028 
2029 2030 
2034 2035 
2041 2042 
2052 2053 
2057 2058 
2066 2067 
2075 2076 
2077 2078 
2091 2092 
2093 2094 
2115 2116 
2120 2121 
2122 2123 
2124 2125 
2126 2127 
2128 2129 
2130 2131 
2148 2149 
2154 2155 
2156 2157 
2160 2161 
2164 2165 
2166 2167 
2172 2173 
2174 2175 
2196 2197 
2203 2204 
2205 2206 
2207 2208 
2209 2210 
2216 2217 
2224 2225 
2231 2232 
2233 2234 
2240 2241 
2242 2243 
2244 2245 
2246 2247 
2248 2249 
2251 2252 
2253 2254 
2258 2259 
2265 2266 
2267 2268 
2269 2270 
2277 2278 
2281 2282 
2318 2319 
2325 2326 
2341 2342 
2343 2344 
2347 2348 
2372 2373 
2374 2375 
2377 2378 
2390 2391 
2392 2393 
2399 2400 
2401 2402 
2403 2404 
2405 2406 
2411 2412 
2538 2539 
2543 2544 
2547 2548 
2556 2557 
2558 2559 
2565 2566 
2573 2574 
2576 2577 
2578 2579 
2580 2581 
2582 2583 
2591 2592 
2607 2608 
2611 2612 
2619 2620 
2628 2629 
2634 2635 
2636 2637 
2638 2639 
2640 2641 
2654 2655 
2659 2660 
2661 2662 
2665 2666 
2667 2668 
2673 2674 
2682 2683 
2685 2686 
2695 2696 
2707 2708 
2718 2719 
2720 2721 
2739 2740 
2746 2747 
2763 2764 
2772 2773 
2774 2775 
2776 2777 
2795 2796 
2824 2825 
2827 2828 
2829 2830 
2831 2832 
2838 2839 
2842 2843 
2844 2845 
2851 2852 
2856 2857 
2858 2859 
2861 2862 
2863 2864 
2865 2866 
2891 2892 
2896 2897 
2900 2901 
2902 2903 
2916 2917 
2928 2929 
2930 2931 
2932 2933 
2935 2936 
2937 2938 
2942 2943 
2946 2947 
2956 2957 
2965 2966 
2968 2969 
3007 3008 
3009 3010 
3011 3012 
3013 3014 
3015 3016 
3017 3018 
3031 3032 
3033 3034 
3055 3056 
3057 3058 
3062 3063 
3064 3065 
3072 3073 
3094 3095 
3099 3100 
3101 3102 
3103 3104 
3105 3106 
3109 3110 
3114 3115 
3129 3130 
3131 3132 
3133 3134 
3140 3141 
3142 3143 
3146 3147 
3169 3170 
3175 3176 
3177 3178 
3183 3184 
3186 3187 
3190 3191 
3193 3194 
3195 3196 
3197 3198 
3202 3203 
3207 3208 
3209 3210 
3219 3220 
3225 3226 
3230 3231 
3232 3233 
3237 3238 
3242 3243 
3244 3245 
3248 3249 
3250 3251 
3252 3253 
3268 3269 
3271 3272 
3275 3276 
3278 3279 
3280 3281 
3285 3286 
3287 3288 
3289 3290 
3308 3309 
3310 3311 
3313 3314 
3317 3318 
3319 3320 
3324 3325 
3329 3330 
3331 3332 
3333 3334 
3335 3336 
3337 3338 
3341 3342 
3351 3352 
3353 3354 
3360 3361 
3362 3363 
3367 3368 
3375 3376 
3382 3383 
3398 3399 
3410 3411 
3433 3434 
3435 3436 
3455 3456 
3457 3458 
3459 3460 
3462 3463 
3468 3469 
3470 3471 
3472 3473 
3474 3475 
3477 3478 
3483 3484 
3491 3492 
3496 3497 
3504 3505 
3508 3509 
3514 3515 
3525 3526 
3527 3528 
3529 3530 
3531 3532 
3540 3541 
3542 3543 
3544 3545 
3546 3547 
3548 3549 
3558 3559 
3560 3561 
3580 3581 
3585 3586 
3587 3588 
3601 3602 
3603 3604 
3605 3606 
3609 3610 
3615 3616 
3617 3618 
3619 3620 
3623 3624 
3626 3627 
3628 3629 
3633 3634 
3635 3636 
3637 3638 
3639 3640 
3643 3644 
3645 3646 
3650 3651 
3652 3653 
3667 3668 
3671 3672 
3686 3687 
3691 3692 
3693 3694 
3695 3696 
3701 3702 
3703 3704 
3705 3706 
3707 3708 
3716 3717 
3718 3719 
3721 3722 
3747 3748 
3754 3755 
3756 3757 
3763 3764 
3765 3766 
3767 3768 
3771 3772 
3776 3777 
3778 3779 
3784 3785 
3792 3793 
3805 3806 
3816 3817 
3818 3819 
3820 3821 
3826 3827 
3831 3832 
3845 3846 
3847 3848 
3849 3850 
3854 3855 
3856 3857 
3863 3864 
3865 3866 
3874 3875 
3876 3877 
3878 3879 
3884 3885 
3892 3893 
3894 3895 
3896 3897 
3898 3899 
3900 3901 
3904 3905 
3914 3915 
3916 3917 
3926 3927 
3928 3929 
3933 3934 
3938 3939 
3940 3941 
3942 3943 
3947 3948 
3949 3950 
3975 3976 
3987 3988 
3991 3992 
3993 3994 
4007 4008 
4009 4010 
4012 4013 
4020 4021 
4026 4027 
4028 4029 
4053 4054 
4058 4059 
4067 4068 
4076 4077 
4080 4081 
4084 4085 
4096 4097 
4098 4099 
4121 4122 
4123 4124 
4126 4127 
4128 4129 
4133 4134 
4138 4139 
4142 4143 
4147 4148 
4149 4150 
4161 4162 
4164 4165 
4166 4167 
4171 4172 
4173 4174 
4179 4180 
4188 4189 
4190 4191 
4192 4193 
4212 4213 
4219 4220 
4222 4223 
4236 4237 
4238 4239 
4249 4250 
4253 4254 
4270 4271 
4272 4273 
4274 4275 
4277 4278 
4279 4280 
4281 4282 
4283 4284 
4285 4286 
4287 4288 
4289 4290 
4291 4292 
4293 4294 
4295 4296 
4297 4298 
4307 4308 
4312 4313 
4318 4319 
4320 4321 
4327 4328 
4329 4330 
4335 4336 
4344 4345 
4346 4347 
4360 4361 
4362 4363 
4364 4365 
4374 4375 
4379 4380 
4381 4382 
4387 4388 
4394 4395 
4402 4403 
4404 4405 
4406 4407 
4408 4409 
4412 4413 
4416 4417 
4420 4421 
4422 4423 
4425 4426 
4431 4432 
4437 4438 
4441 4442 
4451 4452 
4453 4454 
4455 4456 
4460 4461 
4463 4464 
4469 4470 
4471 4472 
4473 4474 
4479 4480 
4491 4492 
4495 4496 
4504 4505 
4507 4508 
4511 4512 
4520 4521 
4522 4523 
4526 4527 
4528 4529 
4530 4531 
4532 4533 
4541 4542 
4556 4557 
4564 4565 
4567 4568 
4569 4570 
4575 4576 
4584 4585 
4587 4588 
4589 4590 
4597 4598 
4599 4600 
4601 4602 
4611 4612 
4629 4630 
4631 4632 
4634 4635 
4637 4638 
4641 4642 
4643 4644 
4646 4647 
4648 4649 
4654 4655 
4660 4661 
4662 4663 
4669 4670 
4671 4672 
4674 4675 
4676 4677 
4679 4680 
4682 4683 
4684 4685 
4686 4687 
4688 4689 
4690 4691 
4693 4694 
4696 4697 
4698 4699 
4700 4701 
4702 4703 
4711 4712 
4713 4714 
4715 4716 
4720 4721 
4722 4723 
4724 4725 
4728 4729 
4730 4731 
4732 4733 
4734 4735 
4739 4740 
4741 4742 
4744 4745 
4748 4749 
4754 4755 
4759 4760 
4764 4765 
4766 4767 
4768 4769 
4770 4771 
4773 4774 
4783 4784 
4785 4786 
4791 4792 
4801 4802 
4803 4804 
4805 4806 
4808 4809 
4823 4824 
4825 4826 
4827 4828 
4838 4839 
4840 4841 
4842 4843 
4844 4845 
4846 4847 
4849 4850 
4852 4853 
4859 4860 
4861 4862 
4863 4864 
4865 4866 
4867 4868 
4869 4870 
4871 4872 
4876 4877 
4878 4879 
4880 4881 
4884 4885 
4893 4894 
4896 4897 
4899 4900 
4902 4903 
4912 4913 
4914 4915 
4917 4918 
4919 4920 
4925 4926 
4927 4928 
4932 4933 
4934 4935 
4936 4937 
4938 4939 
4941 4942 
4943 4944 
4945 4946 
4947 4948 
4949 4950 
4970 4971 
4978 4979 
4985 4986 
4987 4988 
4989 4990 
4991 4992 
560 563 565 3223 3224 3239 3240 3241 
3663 3836 3868 3869 3870 3871 4790 
312 1258 1264 1266 2560 2561 4560 4562 
257 2309 2310 
1 155 161 
3660 3662 3663 3825 3836 3869 3870 4100 4135 
4964 4981 4982 
230 2869 2870 
461 3420 3421 
1241 1244 1245 
2141 2143 2144 
3379 3380 3381 
28 31 32 
602 603 618 677 680 1716 2602 2606 2713 
2413 2424 2440 2442 2449 2450 2451 2457 2469 2470 2471 2476 2489 2491 2504 2513 2516 2520 2527 4911 
267 280 281 282 2987 
1374 1375 1376 1377 1378 1379 1380 1382 2973 2974 2977 
267 274 295 
267 279 284 
267 270 271 272 273 288 294 1058 1622 1987 
273 1058 1061 1062 2349 
286 2990 2993 
618 1113 1143 1144 1145 1146 1147 1148 1283 3124 3125 4657 
267 268 270 271 272 273 285 288 601 603 1622 1987 2716 
1373 4775 4776 4777 4778 4779 
1227 1228 1230 1232 1233 1234 
742 743 744 
1438 1439 1528 3773 3774 3902 3903 4232 
1438 1439 1527 1528 3773 3774 3902 3903 4232 4858 
3572 3573 3574 3641 3642 
63 64 65 887 888 
1141 1142 1533 1534 1981 1982 3267 
878 879 880 1511 1512 
33 34 35 36 2132 
1523 1524 1525 1526 3720 
2658 3426 3427 3428 4708 
315 316 317 1074 1075 3113 
1878 1879 2168 2169 2170 
655 656 1691 1692 3751 3752 
1760 1761 1762 1763 1764 1765 2040 
2274 2275 2276 2675 2676 3523 3524 
520 521 522 3608 3689 3690 4726 4727 
1002 1003 1046 1521 1522 4832 4833 4834 
221 462 480 
2413 2440 2442 2449 2450 2451 2457 2469 2471 2476 2489 2491 2504 2513 2516 2520 2527 
51 52 53 54 2250 3842 
2561 4560 4562 4653 4681 
255 256 257 2308 2309 2310 
109 322 323 2059 2060 
1120 1121 1122 1123 1560 
307 308 3050 3051 
514 515 516 517 
905 906 907 908 
1117 1118 1119 1169 
1799 1800 3882 3883 
2001 2002 2003 2004 
2598 2599 2600 2601 
2645 2646 4051 4052 
167 168 169 2651 
2924 2925 2926 2927 
3027 3028 3029 3030 
1924 1925 1926 3168 
3343 3344 3345 3346 
3377 3378 3485 3486 
1938 1939 1940 3390 
3406 3407 3408 3409 
2200 2201 2202 3522 
1301 1302 1303 3607 
3298 3299 3300 3625 
2953 2954 2955 3787 
803 804 805 3835 
3384 3385 3386 4131 
264 265 266 4498 
394 395 396 4652 
3957 3958 3959 4820 
4486 4487 4488 4895 
2305 2306 3321 3322 
2306 3321 3322 4695 
93 94 1976 1977 
1296 1297 1298 1299 
1296 1297 1298 1300 
1288 1289 1290 1470 
1288 1289 1290 1471 
1751 1752 1753 1754 1755 
1835 1836 1837 1838 1839 
1886 1887 1888 1889 1890 
1886 1888 1889 1890 
94 1976 1977 1978 
2530 2531 2532 2533 
2530 2531 2532 2533 2534 
386 387 388 3273 
386 387 388 3274 
452 453 454 3404 
452 453 454 3405 
3566 3567 3568 3968 
4299 4300 4301 4302 
4299 4300 4301 4303 
3566 3567 3568 3968 4316 
3400 3401 3402 4391 
3400 3401 3402 4391 4392 
3758 3759 3760 4581 4582 
334 335 338 1007 
3780 3781 3782 3783 
334 335 336 337 338 
3780 3782 3783 4752 
3780 3782 3783 4753 
749 750 751 752 
749 750 751 753 
749 750 751 754 
894 895 896 897 898 899 
1438 1439 1528 3774 3902 3903 4232 
2351 3810 3813 4331 
1142 1981 1982 1983 3267 
3807 3808 3981 3982 3983 3984 3985 
3808 3981 3982 3983 3984 3985 
188 189 190 191 192 193 194 
188 189 190 192 193 194 
1185 1186 1187 2152 2153 2159 
1523 1524 1526 1766 
878 879 880 2235 
2657 2658 3426 3427 
33 34 36 2734 
177 180 182 2652 
177 180 182 2653 
2350 2351 3809 3810 3811 3812 3813 
2351 3809 3810 3811 3812 3813 
520 521 522 3608 3689 4726 4727 
2274 2275 2276 3461 
177 178 179 180 181 182 
177 178 179 180 181 182 183 
1045 1046 1521 1522 
2168 2169 2170 2817 2818 
402 403 642 643 644 645 646 
403 642 643 644 645 646 
403 642 643 644 645 646 647 
403 642 643 644 645 646 648 
403 642 643 644 645 646 649 
196 2722 2723 2847 2848 
196 2722 2723 2848 
315 316 317 1074 3113 
195 196 2722 2723 
195 196 2722 2723 2724 
195 196 2722 2723 2725 
195 196 2722 2723 2726 
195 196 2722 2723 2727 
195 196 2722 2723 2728 
195 196 2722 2723 2729 
195 196 2722 2723 2730 
1760 1761 1762 1763 1764 1765 
655 656 3751 3752 
656 3751 3752 3753 
2274 2275 2276 3523 3524 
1003 1046 1521 1522 4832 4833 4834 
588 589 4429 4953 4954 4955 4956 4957 
311 312 1256 1257 1258 1259 1260 1261 1262 1263 1264 1265 1266 
312 1256 1257 1258 1259 1260 1261 1262 1263 1264 1265 1266 
2697 2698 2699 2700 
1527 1528 3902 3903 
128 129 130 131 242 2283 2284 2285 2286 2287 2288 2289 2290 2291 2292 
108 110 111 2171 
2944 2945 3970 4621 4622 4623 4624 
2944 2945 3970 4596 4621 4622 4623 4624 
2944 2945 3970 4621 4622 4623 4624 4625 
2944 2945 3970 4621 4622 4623 4624 4626 
2944 2945 3970 4621 4622 4623 4624 4627 
2560 2561 4560 4561 4562 
3611 3612 3924 3925 4875 4940 
3612 3924 3925 4445 4875 4940 
3612 3924 3925 4875 4940 
3612 3924 3925 4875 4940 4958 
3612 3924 3925 4875 4940 4959 
3612 3924 3925 4875 4940 4962 
2697 2698 2699 3590 3591 3592 3593 
2697 2698 2699 3590 3591 3592 3593 3594 
2697 2698 2699 3590 3591 3592 3593 3595 
2697 2698 2699 3590 3591 3592 3593 3596 
2697 2698 2699 3590 3591 3592 3593 3597 
3059 3060 3061 3307 
257 2308 2613 2614 2615 
303 304 305 306 
0 1 154 155 156 157 158 159 160 161 
109 322 323 2079 
4963 4964 4965 4983 
4963 4964 4965 4984 
58 81 82 83 1352 1355 1614 4140 
844 845 847 1427 
304 641 1465 4245 
304 641 1465 4246 
3660 3661 3662 3663 
3660 3661 3662 3663 3664 
228 229 230 2868 
219 220 221 222 223 224 225 
560 563 565 3223 3239 3240 3241 
844 846 848 2260 
3663 3836 3868 3869 
638 639 640 1530 
3660 3662 3663 4100 4101 
2755 2759 2760 3565 
267 280 281 2988 
639 3165 3166 3167 
28 29 30 31 32 
0 3 7 8 9 10 11 13 14 15 16 19 22 23 25 162 
88 89 90 1891 
219 221 225 462 480 
267 286 291 292 2991 2994 
602 603 618 677 680 2602 2713 
602 603 618 677 680 681 2602 2713 
742 743 744 1011 
742 743 744 1013 
